31

1111111111111.

111111111111111111111111111111ε 31111111111111111111211. 11111.

11111111111111111 in 1111 111111111111, 1111111111 66111111 11111111 (111111111111111261
1111111111 (111 1111111111111111 111111111111 11111111111 1111111111 1111111111111111111111, 81111
11111111, 111111 111 11111111111111 mit 1111111111 111 111 11111111 (1111111111111 11 111111
81111111111111 11111. 1111111111 11118111111111 1111111111111 1111111111111111. - 3111111
1111111111 ι 2 &t 1111111111 (1111111111111111 111111111111111111111111111111111111111, 1111111111,
111111 111 111111111111 1111111 111111 111 1111111111111 gum 6111111111 111111111. - 11111111111111111
1 111. 1111111111 (Quinta) τ 111 1111111111111111 1111 1111111111 111 8111111111. - 1111111 1111111111
1 61. 1111111111 (1111111111 111111 11111 111 111111111111111111. 1111 3111111111 111 1111111111
1111111111 1111111111 111111111111111111111111.

&iugem 111 6111111111111111111111111 11 211. widun 111 1111111 1111 111111 1111111111 111.

1111111 in 11111111111111111 11 211. : 1111111111 1111111 1111111111 Dr. 11111111, 111111 1111111111
Dr. 1111111111, 111111 1111111111 Dr. (1111111, 111111 1111111111 Dr. 1111111111.

1111111111111111111,281.111.ῦ1111111.

2. ῶ11211111.

1111 11111 1873 1111111 1111111111111111111111111111 111 111111111111111 111811111. 181111 111111
1111111111111111111113.111111 1873 111111 1111111111 Dr. 1111111 111111 1111111 1111111111
111 nutet 11111111111111111111111111111 111111 111 11111111 1111111111 in 111 1111111111 1111111. §beta
1111111111 1821-18351111111 111 1111111111 111 1111111, 11111 111 1838 in 111111111111111111111
111111111118111111111, 11111111 111 11113. 111111 1873 11111111 111 1111111111 1111111111. 11
1111111 11111 11111111111111111 111 1111111111 11111111111111 11111111, 11111 111111111111111111111111111
1111111111, 111111 11111 1111111 111 1111111111111111111111111 1111111 1111111111 um 111 1111111111 111
1111111111111111,1111111 11111 111 111111 111 1111111111 1111111111 11111111 11111.

111 111111131111111 111 1111111111 1111 1111111 111 1111 1111111111 111 1111111111111111
111111 111111111111 1111111 111 11111111 1111111111 111 11111111111111 1111111111.

11111111 111111 11111 11111111111111111111 nom 18111111 1873 1111111111101.181111111111111
111 (1111111111 11 1111111 1111111.

311111111111111111111 1111111 111111 11111 11111111111111111111 1111 12111111 1873111
811111111111111111111111111111111111111111111111 1111111111 &tatum 11 111 (1111111111 11 1111111
11111111; 111 61111111 1111111111 11111 1111111 111 1111111 11111 nicht 1111111111 111111 111 111111 proni·
1111111 11111 111 (1111111111 Dr. &tuubinger 1111111 1. (Just 11 111111 111 1111111111101.1111ι Ι
mann 131111 1111111111 1111111.

1111111 111111111111111111111 1111111111111 nom 11. 11111 187311111111111111111,111111ὒ1111
1111111111 1111111111 111 11111111 111111111111 111111 111111111111, 111 1111111111 111 1111111111
111 1111111 1111111. 11111111111111111111113. 13111111 1873 111 1111 1111111111 11111 1111111111
tonate, 11111111 1111 1116111111111111111111111111111111111 111111111111111111 1111 1111111111 11111111
1111 1111111111. 11111111 1111111 burch 1111111111 111 (11111111111111111111 111 11111111 111 1111111111
111 1111111111111111111 111 11111 1111111111111111111 11111111111111111. 11111111 111111111111111
11111111, 1111111 mit 11111 111 111111111111111 11111111111111 11111111111111 11111111111111111111111.

 

